Frame         Time          Elec          VdW           Nonbond       Total         
0             0             +0            -8.8782       -8.8782       -8.8782       
1             1             +0            -26.7039      -26.7039      -26.7039      
2             2             +0            -230.825      -230.825      -230.825      
3             3             +0            -323.042      -323.042      -323.042      
4             4             +0            -313.579      -313.579      -313.579      
5             5             +0            -338.536      -338.536      -338.536      
6             6             +0            -353.207      -353.207      -353.207      
7             7             +0            -354.373      -354.373      -354.373      
8             8             +0            -351.272      -351.272      -351.272      
9             9             +0            -373.71       -373.71       -373.71       
10            10            +0            -330.513      -330.513      -330.513      
11            11            +0            -376.045      -376.045      -376.045      
12            12            +0            -350.388      -350.388      -350.388      
13            13            +0            -344.455      -344.455      -344.455      
14            14            +0            -353.082      -353.082      -353.082      
15            15            +0            -361.536      -361.536      -361.536      
16            16            +0            -355.171      -355.171      -355.171      
17            17            +0            -362.374      -362.374      -362.374      
18            18            +0            -331.076      -331.076      -331.076      
19            19            +0            -348.351      -348.351      -348.351      
20            20            +0            -350.76       -350.76       -350.76       
21            21            +0            -316.861      -316.861      -316.861      
22            22            +0            -344.672      -344.672      -344.672      
23            23            +0            -346.002      -346.002      -346.002      
24            24            +0            -360.196      -360.196      -360.196      
25            25            +0            -340.184      -340.184      -340.184      
26            26            +0            -370.929      -370.929      -370.929      
27            27            +0            -347.856      -347.856      -347.856      
28            28            +0            -345.151      -345.151      -345.151      
29            29            +0            -359.611      -359.611      -359.611      
30            30            +0            -359.7        -359.7        -359.7        
31            31            +0            -364.296      -364.296      -364.296      
32            32            +0            -358.714      -358.714      -358.714      
33            33            +0            -356.165      -356.165      -356.165      
34            34            +0            -363.32       -363.32       -363.32       
35            35            +0            -355.054      -355.054      -355.054      
36            36            +0            -356.197      -356.197      -356.197      
37            37            +0            -362.091      -362.091      -362.091      
38            38            +0            -364.722      -364.722      -364.722      
39            39            +0            -361.37       -361.37       -361.37       
40            40            +0            -370.425      -370.425      -370.425      
41            41            +0            -367.439      -367.439      -367.439      
42            42            +0            -346.247      -346.247      -346.247      
43            43            +0            -366.204      -366.204      -366.204      
44            44            +0            -367.161      -367.161      -367.161      
45            45            +0            -354.39       -354.39       -354.39       
46            46            +0            -341.596      -341.596      -341.596      
47            47            +0            -351.411      -351.411      -351.411      
48            48            +0            -336.476      -336.476      -336.476      
49            49            +0            -370.309      -370.309      -370.309      
50            50            +0            -367.003      -367.003      -367.003      
51            51            +0            -361.824      -361.824      -361.824      
52            52            +0            -361.908      -361.908      -361.908      
53            53            +0            -364.811      -364.811      -364.811      
54            54            +0            -378.556      -378.556      -378.556      
55            55            +0            -355.072      -355.072      -355.072      
56            56            +0            -361.907      -361.907      -361.907      
57            57            +0            -344.613      -344.613      -344.613      
58            58            +0            -354.599      -354.599      -354.599      
59            59            +0            -340.702      -340.702      -340.702      
60            60            +0            -325.308      -325.308      -325.308      
61            61            +0            -339.557      -339.557      -339.557      
62            62            +0            -337.261      -337.261      -337.261      
63            63            +0            -358.199      -358.199      -358.199      
64            64            +0            -367.02       -367.02       -367.02       
65            65            +0            -332.018      -332.018      -332.018      
66            66            +0            -355.182      -355.182      -355.182      
67            67            +0            -362.036      -362.036      -362.036      
68            68            +0            -366.857      -366.857      -366.857      
69            69            +0            -357.133      -357.133      -357.133      
70            70            +0            -354.089      -354.089      -354.089      
71            71            +0            -367.111      -367.111      -367.111      
72            72            +0            -367.117      -367.117      -367.117      
73            73            +0            -337.484      -337.484      -337.484      
74            74            +0            -350.479      -350.479      -350.479      
75            75            +0            -366.427      -366.427      -366.427      
76            76            +0            -344.445      -344.445      -344.445      
77            77            +0            -340.024      -340.024      -340.024      
78            78            +0            -343.043      -343.043      -343.043      
79            79            +0            -327.905      -327.905      -327.905      
80            80            +0            -312.155      -312.155      -312.155      
81            81            +0            -350.479      -350.479      -350.479      
82            82            +0            -352.287      -352.287      -352.287      
83            83            +0            -339.781      -339.781      -339.781      
84            84            +0            -347.745      -347.745      -347.745      
85            85            +0            -343.245      -343.245      -343.245      
86            86            +0            -347.526      -347.526      -347.526      
87            87            +0            -369.48       -369.48       -369.48       
88            88            +0            -350.269      -350.269      -350.269      
89            89            +0            -342.278      -342.278      -342.278      
90            90            +0            -365.207      -365.207      -365.207      
91            91            +0            -373.438      -373.438      -373.438      
92            92            +0            -346.53       -346.53       -346.53       
93            93            +0            -355.713      -355.713      -355.713      
94            94            +0            -361.471      -361.471      -361.471      
95            95            +0            -344.021      -344.021      -344.021      
96            96            +0            -355.714      -355.714      -355.714      
97            97            +0            -352.663      -352.663      -352.663      
98            98            +0            -349.315      -349.315      -349.315      
99            99            +0            -355.84       -355.84       -355.84       
100           100           +0            -376.778      -376.778      -376.778      
101           101           +0            -342.286      -342.286      -342.286      
102           102           +0            -370.521      -370.521      -370.521      
103           103           +0            -385.252      -385.252      -385.252      
104           104           +0            -385.977      -385.977      -385.977      
105           105           +0            -363.288      -363.288      -363.288      
106           106           +0            -349.28       -349.28       -349.28       
107           107           +0            -356.715      -356.715      -356.715      
108           108           +0            -367.882      -367.882      -367.882      
109           109           +0            -365.209      -365.209      -365.209      
110           110           +0            -340.987      -340.987      -340.987      
111           111           +0            -377.517      -377.517      -377.517      
112           112           +0            -359.937      -359.937      -359.937      
113           113           +0            -367.842      -367.842      -367.842      
114           114           +0            -371.358      -371.358      -371.358      
115           115           +0            -355.827      -355.827      -355.827      
116           116           +0            -361.341      -361.341      -361.341      
117           117           +0            -386.18       -386.18       -386.18       
118           118           +0            -362.694      -362.694      -362.694      
119           119           +0            -363.941      -363.941      -363.941      
120           120           +0            -376.297      -376.297      -376.297      
121           121           +0            -367.428      -367.428      -367.428      
122           122           +0            -389.055      -389.055      -389.055      
123           123           +0            -375.749      -375.749      -375.749      
124           124           +0            -363.219      -363.219      -363.219      
125           125           +0            -343.683      -343.683      -343.683      
126           126           +0            -382.619      -382.619      -382.619      
127           127           +0            -376.228      -376.228      -376.228      
128           128           +0            -357.671      -357.671      -357.671      
129           129           +0            -362.807      -362.807      -362.807      
130           130           +0            -383.634      -383.634      -383.634      
131           131           +0            -364.261      -364.261      -364.261      
132           132           +0            -379.61       -379.61       -379.61       
133           133           +0            -373.261      -373.261      -373.261      
134           134           +0            -365.889      -365.889      -365.889      
135           135           +0            -353.781      -353.781      -353.781      
136           136           +0            -349.257      -349.257      -349.257      
137           137           +0            -371.561      -371.561      -371.561      
138           138           +0            -364.434      -364.434      -364.434      
139           139           +0            -380.615      -380.615      -380.615      
140           140           +0            -351.122      -351.122      -351.122      
141           141           +0            -370.867      -370.867      -370.867      
142           142           +0            -372.374      -372.374      -372.374      
143           143           +0            -370.939      -370.939      -370.939      
144           144           +0            -372.405      -372.405      -372.405      
145           145           +0            -370.161      -370.161      -370.161      
146           146           +0            -374.542      -374.542      -374.542      
147           147           +0            -380.496      -380.496      -380.496      
148           148           +0            -367.109      -367.109      -367.109      
149           149           +0            -353.858      -353.858      -353.858      
150           150           +0            -375.487      -375.487      -375.487      
151           151           +0            -371.967      -371.967      -371.967      
152           152           +0            -366.59       -366.59       -366.59       
153           153           +0            -376.762      -376.762      -376.762      
154           154           +0            -359.588      -359.588      -359.588      
155           155           +0            -368.232      -368.232      -368.232      
156           156           +0            -364.964      -364.964      -364.964      
157           157           +0            -347.379      -347.379      -347.379      
158           158           +0            -354.499      -354.499      -354.499      
159           159           +0            -365.881      -365.881      -365.881      
160           160           +0            -351.99       -351.99       -351.99       
161           161           +0            -356.504      -356.504      -356.504      
162           162           +0            -383.356      -383.356      -383.356      
163           163           +0            -368.302      -368.302      -368.302      
164           164           +0            -391.008      -391.008      -391.008      
165           165           +0            -370.587      -370.587      -370.587      
166           166           +0            -370.721      -370.721      -370.721      
167           167           +0            -354.749      -354.749      -354.749      
168           168           +0            -370.425      -370.425      -370.425      
169           169           +0            -356.961      -356.961      -356.961      
170           170           +0            -376.237      -376.237      -376.237      
171           171           +0            -384.753      -384.753      -384.753      
172           172           +0            -376.665      -376.665      -376.665      
173           173           +0            -379.086      -379.086      -379.086      
174           174           +0            -383.651      -383.651      -383.651      
175           175           +0            -386.389      -386.389      -386.389      
176           176           +0            -351.473      -351.473      -351.473      
177           177           +0            -334.999      -334.999      -334.999      
178           178           +0            -380.805      -380.805      -380.805      
179           179           +0            -345.88       -345.88       -345.88       
180           180           +0            -368.228      -368.228      -368.228      
181           181           +0            -374.34       -374.34       -374.34       
182           182           +0            -369.828      -369.828      -369.828      
183           183           +0            -373.37       -373.37       -373.37       
184           184           +0            -380.476      -380.476      -380.476      
185           185           +0            -335.956      -335.956      -335.956      
186           186           +0            -366.713      -366.713      -366.713      
187           187           +0            -341.453      -341.453      -341.453      
188           188           +0            -371.268      -371.268      -371.268      
189           189           +0            -360.226      -360.226      -360.226      
190           190           +0            -391.21       -391.21       -391.21       
191           191           +0            -366.317      -366.317      -366.317      
192           192           +0            -337.36       -337.36       -337.36       
193           193           +0            -353.582      -353.582      -353.582      
194           194           +0            -375.814      -375.814      -375.814      
195           195           +0            -329.154      -329.154      -329.154      
196           196           +0            -359.565      -359.565      -359.565      
197           197           +0            -365.555      -365.555      -365.555      
198           198           +0            -371.768      -371.768      -371.768      
199           199           +0            -351.637      -351.637      -351.637      
200           200           +0            -360.133      -360.133      -360.133      
201           201           +0            -367.937      -367.937      -367.937      
202           202           +0            -361.685      -361.685      -361.685      
203           203           +0            -374.277      -374.277      -374.277      
204           204           +0            -346.418      -346.418      -346.418      
205           205           +0            -347.762      -347.762      -347.762      
206           206           +0            -380.875      -380.875      -380.875      
207           207           +0            -379.818      -379.818      -379.818      
208           208           +0            -357.268      -357.268      -357.268      
209           209           +0            -363.969      -363.969      -363.969      
210           210           +0            -362.103      -362.103      -362.103      
211           211           +0            -373.789      -373.789      -373.789      
212           212           +0            -386.572      -386.572      -386.572      
213           213           +0            -361.805      -361.805      -361.805      
214           214           +0            -360.284      -360.284      -360.284      
215           215           +0            -370.333      -370.333      -370.333      
216           216           +0            -356.626      -356.626      -356.626      
217           217           +0            -370.949      -370.949      -370.949      
218           218           +0            -379.332      -379.332      -379.332      
219           219           +0            -366.541      -366.541      -366.541      
220           220           +0            -360.813      -360.813      -360.813      
221           221           +0            -373.412      -373.412      -373.412      
222           222           +0            -377.997      -377.997      -377.997      
223           223           +0            -361.861      -361.861      -361.861      
224           224           +0            -362.247      -362.247      -362.247      
225           225           +0            -367.874      -367.874      -367.874      
226           226           +0            -363.653      -363.653      -363.653      
227           227           +0            -368.735      -368.735      -368.735      
228           228           +0            -389.995      -389.995      -389.995      
229           229           +0            -381.029      -381.029      -381.029      
230           230           +0            -361.48       -361.48       -361.48       
231           231           +0            -345.428      -345.428      -345.428      
232           232           +0            -353.719      -353.719      -353.719      
233           233           +0            -379.834      -379.834      -379.834      
234           234           +0            -344.766      -344.766      -344.766      
235           235           +0            -389.03       -389.03       -389.03       
236           236           +0            -378.172      -378.172      -378.172      
237           237           +0            -350.072      -350.072      -350.072      
238           238           +0            -371.959      -371.959      -371.959      
239           239           +0            -362.089      -362.089      -362.089      
240           240           +0            -379.955      -379.955      -379.955      
241           241           +0            -372.64       -372.64       -372.64       
242           242           +0            -356.531      -356.531      -356.531      
243           243           +0            -355.103      -355.103      -355.103      
244           244           +0            -354.78       -354.78       -354.78       
245           245           +0            -369.92       -369.92       -369.92       
246           246           +0            -374.344      -374.344      -374.344      
247           247           +0            -337.466      -337.466      -337.466      
248           248           +0            -357.739      -357.739      -357.739      
249           249           +0            -363.178      -363.178      -363.178      
250           250           +0            -372.929      -372.929      -372.929      
251           251           +0            -373.508      -373.508      -373.508      
252           252           +0            -356.866      -356.866      -356.866      
253           253           +0            -374.108      -374.108      -374.108      
254           254           +0            -380.672      -380.672      -380.672      
255           255           +0            -376.471      -376.471      -376.471      
256           256           +0            -371.862      -371.862      -371.862      
257           257           +0            -374.534      -374.534      -374.534      
258           258           +0            -362.612      -362.612      -362.612      
259           259           +0            -383.344      -383.344      -383.344      
260           260           +0            -357.39       -357.39       -357.39       
261           261           +0            -370.633      -370.633      -370.633      
262           262           +0            -355.054      -355.054      -355.054      
263           263           +0            -369.43       -369.43       -369.43       
264           264           +0            -377.468      -377.468      -377.468      
265           265           +0            -379.71       -379.71       -379.71       
266           266           +0            -355.459      -355.459      -355.459      
267           267           +0            -388.058      -388.058      -388.058      
268           268           +0            -368.319      -368.319      -368.319      
269           269           +0            -331.06       -331.06       -331.06       
270           270           +0            -369.223      -369.223      -369.223      
271           271           +0            -376.371      -376.371      -376.371      
272           272           +0            -345.294      -345.294      -345.294      
273           273           +0            -382.941      -382.941      -382.941      
274           274           +0            -364.752      -364.752      -364.752      
275           275           +0            -366.568      -366.568      -366.568      
276           276           +0            -366.137      -366.137      -366.137      
277           277           +0            -390.737      -390.737      -390.737      
278           278           +0            -381.048      -381.048      -381.048      
279           279           +0            -377.753      -377.753      -377.753      
280           280           +0            -376.122      -376.122      -376.122      
281           281           +0            -354.261      -354.261      -354.261      
282           282           +0            -362.521      -362.521      -362.521      
283           283           +0            -363.156      -363.156      -363.156      
284           284           +0            -379.507      -379.507      -379.507      
285           285           +0            -369.258      -369.258      -369.258      
286           286           +0            -359.862      -359.862      -359.862      
287           287           +0            -373.025      -373.025      -373.025      
288           288           +0            -361.665      -361.665      -361.665      
289           289           +0            -388.27       -388.27       -388.27       
290           290           +0            -344.498      -344.498      -344.498      
291           291           +0            -365.868      -365.868      -365.868      
292           292           +0            -383.876      -383.876      -383.876      
293           293           +0            -366.059      -366.059      -366.059      
294           294           +0            -370.152      -370.152      -370.152      
295           295           +0            -363.643      -363.643      -363.643      
296           296           +0            -377.975      -377.975      -377.975      
297           297           +0            -347.898      -347.898      -347.898      
298           298           +0            -363.439      -363.439      -363.439      
299           299           +0            -355.028      -355.028      -355.028      
300           300           +0            -362.681      -362.681      -362.681      
301           301           +0            -375.926      -375.926      -375.926      
302           302           +0            -361.626      -361.626      -361.626      
303           303           +0            -357.418      -357.418      -357.418      
304           304           +0            -359.954      -359.954      -359.954      
305           305           +0            -359.089      -359.089      -359.089      
306           306           +0            -373.517      -373.517      -373.517      
307           307           +0            -382.021      -382.021      -382.021      
308           308           +0            -369.723      -369.723      -369.723      
309           309           +0            -385.805      -385.805      -385.805      
310           310           +0            -385.654      -385.654      -385.654      
311           311           +0            -360.096      -360.096      -360.096      
312           312           +0            -359.425      -359.425      -359.425      
313           313           +0            -372.468      -372.468      -372.468      
314           314           +0            -354.378      -354.378      -354.378      
315           315           +0            -361.125      -361.125      -361.125      
316           316           +0            -353.604      -353.604      -353.604      
317           317           +0            -360.258      -360.258      -360.258      
318           318           +0            -364.135      -364.135      -364.135      
319           319           +0            -369.14       -369.14       -369.14       
320           320           +0            -359.267      -359.267      -359.267      
321           321           +0            -373.997      -373.997      -373.997      
322           322           +0            -365.079      -365.079      -365.079      
323           323           +0            -373.323      -373.323      -373.323      
324           324           +0            -370.032      -370.032      -370.032      
325           325           +0            -359.401      -359.401      -359.401      
326           326           +0            -387.708      -387.708      -387.708      
327           327           +0            -346.038      -346.038      -346.038      
328           328           +0            -385.36       -385.36       -385.36       
329           329           +0            -376.387      -376.387      -376.387      
330           330           +0            -371.293      -371.293      -371.293      
331           331           +0            -360.076      -360.076      -360.076      
332           332           +0            -356.226      -356.226      -356.226      
333           333           +0            -381.869      -381.869      -381.869      
334           334           +0            -362.714      -362.714      -362.714      
335           335           +0            -381.951      -381.951      -381.951      
336           336           +0            -380.546      -380.546      -380.546      
337           337           +0            -367.064      -367.064      -367.064      
338           338           +0            -353.777      -353.777      -353.777      
339           339           +0            -361.128      -361.128      -361.128      
340           340           +0            -369.141      -369.141      -369.141      
341           341           +0            -375.156      -375.156      -375.156      
342           342           +0            -348.523      -348.523      -348.523      
343           343           +0            -380.176      -380.176      -380.176      
344           344           +0            -372.331      -372.331      -372.331      
345           345           +0            -368.599      -368.599      -368.599      
346           346           +0            -357.738      -357.738      -357.738      
347           347           +0            -349.164      -349.164      -349.164      
348           348           +0            -362.282      -362.282      -362.282      
349           349           +0            -362.179      -362.179      -362.179      
350           350           +0            -368.185      -368.185      -368.185      
351           351           +0            -357.117      -357.117      -357.117      
352           352           +0            -356.377      -356.377      -356.377      
353           353           +0            -358.12       -358.12       -358.12       
354           354           +0            -366.865      -366.865      -366.865      
355           355           +0            -372.635      -372.635      -372.635      
356           356           +0            -357.206      -357.206      -357.206      
357           357           +0            -357.301      -357.301      -357.301      
358           358           +0            -361.517      -361.517      -361.517      
359           359           +0            -367.847      -367.847      -367.847      
360           360           +0            -350.547      -350.547      -350.547      
361           361           +0            -365.203      -365.203      -365.203      
362           362           +0            -368.394      -368.394      -368.394      
363           363           +0            -356.251      -356.251      -356.251      
364           364           +0            -374.149      -374.149      -374.149      
365           365           +0            -343.856      -343.856      -343.856      
366           366           +0            -359.551      -359.551      -359.551      
367           367           +0            -357.67       -357.67       -357.67       
368           368           +0            -364.658      -364.658      -364.658      
369           369           +0            -372.966      -372.966      -372.966      
370           370           +0            -368.229      -368.229      -368.229      
371           371           +0            -361.343      -361.343      -361.343      
372           372           +0            -348.053      -348.053      -348.053      
373           373           +0            -357.657      -357.657      -357.657      
374           374           +0            -355.461      -355.461      -355.461      
375           375           +0            -366.723      -366.723      -366.723      
376           376           +0            -374.694      -374.694      -374.694      
377           377           +0            -383.316      -383.316      -383.316      
378           378           +0            -342.223      -342.223      -342.223      
379           379           +0            -357.374      -357.374      -357.374      
380           380           +0            -341.544      -341.544      -341.544      
381           381           +0            -344.975      -344.975      -344.975      
382           382           +0            -364.808      -364.808      -364.808      
383           383           +0            -374.119      -374.119      -374.119      
384           384           +0            -361.882      -361.882      -361.882      
385           385           +0            -352.968      -352.968      -352.968      
386           386           +0            -375.179      -375.179      -375.179      
387           387           +0            -371.562      -371.562      -371.562      
388           388           +0            -348.059      -348.059      -348.059      
389           389           +0            -376.622      -376.622      -376.622      
390           390           +0            -379.021      -379.021      -379.021      
391           391           +0            -347.111      -347.111      -347.111      
392           392           +0            -357.394      -357.394      -357.394      
393           393           +0            -377.241      -377.241      -377.241      
394           394           +0            -365.168      -365.168      -365.168      
395           395           +0            -355.79       -355.79       -355.79       
396           396           +0            -367.332      -367.332      -367.332      
397           397           +0            -353.894      -353.894      -353.894      
398           398           +0            -363.939      -363.939      -363.939      
399           399           +0            -371.536      -371.536      -371.536      
400           400           +0            -361.105      -361.105      -361.105      
401           401           +0            -355.896      -355.896      -355.896      
402           402           +0            -377.033      -377.033      -377.033      
403           403           +0            -351.018      -351.018      -351.018      
404           404           +0            -360.072      -360.072      -360.072      
405           405           +0            -370.326      -370.326      -370.326      
406           406           +0            -372.484      -372.484      -372.484      
407           407           +0            -352.467      -352.467      -352.467      
408           408           +0            -366.42       -366.42       -366.42       
409           409           +0            -379.808      -379.808      -379.808      
410           410           +0            -370.385      -370.385      -370.385      
411           411           +0            -377.489      -377.489      -377.489      
412           412           +0            -341.626      -341.626      -341.626      
413           413           +0            -361.419      -361.419      -361.419      
414           414           +0            -377.031      -377.031      -377.031      
415           415           +0            -360.009      -360.009      -360.009      
416           416           +0            -363.769      -363.769      -363.769      
417           417           +0            -336.582      -336.582      -336.582      
418           418           +0            -378.873      -378.873      -378.873      
419           419           +0            -365.724      -365.724      -365.724      
420           420           +0            -359.473      -359.473      -359.473      
421           421           +0            -363.575      -363.575      -363.575      
422           422           +0            -348.21       -348.21       -348.21       
423           423           +0            -365.38       -365.38       -365.38       
424           424           +0            -352.155      -352.155      -352.155      
425           425           +0            -366.92       -366.92       -366.92       
426           426           +0            -365.994      -365.994      -365.994      
427           427           +0            -375.268      -375.268      -375.268      
428           428           +0            -357.559      -357.559      -357.559      
429           429           +0            -372.036      -372.036      -372.036      
430           430           +0            -370.858      -370.858      -370.858      
431           431           +0            -369.277      -369.277      -369.277      
432           432           +0            -360.318      -360.318      -360.318      
433           433           +0            -372.027      -372.027      -372.027      
434           434           +0            -354.152      -354.152      -354.152      
435           435           +0            -332.643      -332.643      -332.643      
436           436           +0            -372.801      -372.801      -372.801      
437           437           +0            -349.378      -349.378      -349.378      
438           438           +0            -357.451      -357.451      -357.451      
439           439           +0            -347.943      -347.943      -347.943      
440           440           +0            -355.286      -355.286      -355.286      
441           441           +0            -372.153      -372.153      -372.153      
442           442           +0            -348.282      -348.282      -348.282      
443           443           +0            -354.752      -354.752      -354.752      
444           444           +0            -377.214      -377.214      -377.214      
445           445           +0            -362.926      -362.926      -362.926      
446           446           +0            -364.776      -364.776      -364.776      
447           447           +0            -372.071      -372.071      -372.071      
448           448           +0            -377.915      -377.915      -377.915      
449           449           +0            -369.615      -369.615      -369.615      
450           450           +0            -375.055      -375.055      -375.055      
451           451           +0            -362.969      -362.969      -362.969      
452           452           +0            -347.517      -347.517      -347.517      
453           453           +0            -358.745      -358.745      -358.745      
454           454           +0            -348.377      -348.377      -348.377      
455           455           +0            -355.061      -355.061      -355.061      
456           456           +0            -348.44       -348.44       -348.44       
457           457           +0            -373.48       -373.48       -373.48       
458           458           +0            -345.189      -345.189      -345.189      
459           459           +0            -345.074      -345.074      -345.074      
460           460           +0            -384.037      -384.037      -384.037      
461           461           +0            -363.096      -363.096      -363.096      
462           462           +0            -362.001      -362.001      -362.001      
463           463           +0            -372.707      -372.707      -372.707      
464           464           +0            -375.486      -375.486      -375.486      
465           465           +0            -370.165      -370.165      -370.165      
466           466           +0            -346.374      -346.374      -346.374      
467           467           +0            -369.524      -369.524      -369.524      
468           468           +0            -378.132      -378.132      -378.132      
469           469           +0            -378.261      -378.261      -378.261      
470           470           +0            -360.615      -360.615      -360.615      
471           471           +0            -342.258      -342.258      -342.258      
472           472           +0            -367.821      -367.821      -367.821      
473           473           +0            -356.995      -356.995      -356.995      
474           474           +0            -385.488      -385.488      -385.488      
475           475           +0            -359.843      -359.843      -359.843      
476           476           +0            -364.738      -364.738      -364.738      
477           477           +0            -366.999      -366.999      -366.999      
478           478           +0            -355.57       -355.57       -355.57       
479           479           +0            -359.785      -359.785      -359.785      
480           480           +0            -344.572      -344.572      -344.572      
481           481           +0            -376.894      -376.894      -376.894      
482           482           +0            -364.03       -364.03       -364.03       
483           483           +0            -338.63       -338.63       -338.63       
484           484           +0            -360.074      -360.074      -360.074      
485           485           +0            -352.452      -352.452      -352.452      
486           486           +0            -350.484      -350.484      -350.484      
487           487           +0            -367.598      -367.598      -367.598      
488           488           +0            -375.924      -375.924      -375.924      
489           489           +0            -354.044      -354.044      -354.044      
490           490           +0            -343.932      -343.932      -343.932      
491           491           +0            -365.719      -365.719      -365.719      
492           492           +0            -386.379      -386.379      -386.379      
493           493           +0            -367.723      -367.723      -367.723      
494           494           +0            -362.616      -362.616      -362.616      
495           495           +0            -368.815      -368.815      -368.815      
496           496           +0            -352.406      -352.406      -352.406      
497           497           +0            -352.119      -352.119      -352.119      
498           498           +0            -354.529      -354.529      -354.529      
499           499           +0            -367.423      -367.423      -367.423      
500           500           +0            -385.911      -385.911      -385.911      
501           501           +0            -366.888      -366.888      -366.888      
502           502           +0            -364.793      -364.793      -364.793      
503           503           +0            -362.83       -362.83       -362.83       
504           504           +0            -364.32       -364.32       -364.32       
505           505           +0            -368.652      -368.652      -368.652      
506           506           +0            -356.368      -356.368      -356.368      
507           507           +0            -347.394      -347.394      -347.394      
508           508           +0            -378.81       -378.81       -378.81       
509           509           +0            -350.249      -350.249      -350.249      
510           510           +0            -356.949      -356.949      -356.949      
511           511           +0            -369.087      -369.087      -369.087      
512           512           +0            -377.851      -377.851      -377.851      
513           513           +0            -367.766      -367.766      -367.766      
514           514           +0            -364.162      -364.162      -364.162      
515           515           +0            -381.361      -381.361      -381.361      
516           516           +0            -334.354      -334.354      -334.354      
517           517           +0            -348.923      -348.923      -348.923      
518           518           +0            -336.018      -336.018      -336.018      
519           519           +0            -374.442      -374.442      -374.442      
520           520           +0            -376.748      -376.748      -376.748      
521           521           +0            -371.868      -371.868      -371.868      
522           522           +0            -382.228      -382.228      -382.228      
523           523           +0            -365.219      -365.219      -365.219      
524           524           +0            -332.188      -332.188      -332.188      
525           525           +0            -366.71       -366.71       -366.71       
526           526           +0            -365.833      -365.833      -365.833      
527           527           +0            -367.613      -367.613      -367.613      
528           528           +0            -366.269      -366.269      -366.269      
529           529           +0            -357.003      -357.003      -357.003      
530           530           +0            -391.136      -391.136      -391.136      
531           531           +0            -374.746      -374.746      -374.746      
532           532           +0            -385.076      -385.076      -385.076      
533           533           +0            -375.322      -375.322      -375.322      
534           534           +0            -399.945      -399.945      -399.945      
535           535           +0            -363.153      -363.153      -363.153      
536           536           +0            -370.402      -370.402      -370.402      
537           537           +0            -368.248      -368.248      -368.248      
538           538           +0            -381.343      -381.343      -381.343      
539           539           +0            -374.015      -374.015      -374.015      
540           540           +0            -356.128      -356.128      -356.128      
541           541           +0            -361.876      -361.876      -361.876      
542           542           +0            -368.705      -368.705      -368.705      
543           543           +0            -366.418      -366.418      -366.418      
544           544           +0            -370.093      -370.093      -370.093      
545           545           +0            -362.998      -362.998      -362.998      
546           546           +0            -368.57       -368.57       -368.57       
547           547           +0            -374.695      -374.695      -374.695      
548           548           +0            -379.917      -379.917      -379.917      
549           549           +0            -372.376      -372.376      -372.376      
550           550           +0            -380.373      -380.373      -380.373      
551           551           +0            -362.712      -362.712      -362.712      
552           552           +0            -380.832      -380.832      -380.832      
553           553           +0            -354.682      -354.682      -354.682      
554           554           +0            -373.161      -373.161      -373.161      
555           555           +0            -370.52       -370.52       -370.52       
556           556           +0            -379.29       -379.29       -379.29       
557           557           +0            -371.329      -371.329      -371.329      
558           558           +0            -339.911      -339.911      -339.911      
559           559           +0            -363.036      -363.036      -363.036      
560           560           +0            -339.607      -339.607      -339.607      
561           561           +0            -368.22       -368.22       -368.22       
562           562           +0            -371.995      -371.995      -371.995      
563           563           +0            -377.277      -377.277      -377.277      
564           564           +0            -373.865      -373.865      -373.865      
565           565           +0            -375.054      -375.054      -375.054      
566           566           +0            -375.767      -375.767      -375.767      
567           567           +0            -359.466      -359.466      -359.466      
568           568           +0            -355.605      -355.605      -355.605      
569           569           +0            -371.233      -371.233      -371.233      
570           570           +0            -360.336      -360.336      -360.336      
571           571           +0            -373.733      -373.733      -373.733      
572           572           +0            -373.791      -373.791      -373.791      
573           573           +0            -386.334      -386.334      -386.334      
574           574           +0            -353.686      -353.686      -353.686      
575           575           +0            -356.116      -356.116      -356.116      
576           576           +0            -376.155      -376.155      -376.155      
577           577           +0            -379.923      -379.923      -379.923      
578           578           +0            -372.027      -372.027      -372.027      
579           579           +0            -356.954      -356.954      -356.954      
580           580           +0            -361.968      -361.968      -361.968      
581           581           +0            -356.856      -356.856      -356.856      
582           582           +0            -365.134      -365.134      -365.134      
583           583           +0            -375.015      -375.015      -375.015      
584           584           +0            -372.121      -372.121      -372.121      
585           585           +0            -380.355      -380.355      -380.355      
586           586           +0            -372.238      -372.238      -372.238      
587           587           +0            -357.406      -357.406      -357.406      
588           588           +0            -373.208      -373.208      -373.208      
589           589           +0            -366.793      -366.793      -366.793      
590           590           +0            -377.758      -377.758      -377.758      
591           591           +0            -372.429      -372.429      -372.429      
592           592           +0            -377.502      -377.502      -377.502      
593           593           +0            -357.002      -357.002      -357.002      
594           594           +0            -350.277      -350.277      -350.277      
595           595           +0            -350.894      -350.894      -350.894      
596           596           +0            -369.829      -369.829      -369.829      
597           597           +0            -363.963      -363.963      -363.963      
598           598           +0            -391.25       -391.25       -391.25       
599           599           +0            -352.389      -352.389      -352.389      
600           600           +0            -369.874      -369.874      -369.874      
601           601           +0            -364.915      -364.915      -364.915      
602           602           +0            -375.678      -375.678      -375.678      
603           603           +0            -370.843      -370.843      -370.843      
604           604           +0            -375.806      -375.806      -375.806      
605           605           +0            -368.425      -368.425      -368.425      
606           606           +0            -361.739      -361.739      -361.739      
607           607           +0            -367.304      -367.304      -367.304      
608           608           +0            -383.612      -383.612      -383.612      
609           609           +0            -347.671      -347.671      -347.671      
610           610           +0            -368.76       -368.76       -368.76       
611           611           +0            -376.61       -376.61       -376.61       
612           612           +0            -370.317      -370.317      -370.317      
613           613           +0            -371.671      -371.671      -371.671      
614           614           +0            -386.717      -386.717      -386.717      
615           615           +0            -363.266      -363.266      -363.266      
616           616           +0            -375.289      -375.289      -375.289      
617           617           +0            -375.383      -375.383      -375.383      
618           618           +0            -375.802      -375.802      -375.802      
619           619           +0            -376.796      -376.796      -376.796      
620           620           +0            -370.776      -370.776      -370.776      
621           621           +0            -365.042      -365.042      -365.042      
622           622           +0            -371.001      -371.001      -371.001      
623           623           +0            -386.594      -386.594      -386.594      
624           624           +0            -359.591      -359.591      -359.591      
625           625           +0            -378.675      -378.675      -378.675      
626           626           +0            -363.923      -363.923      -363.923      
627           627           +0            -371.513      -371.513      -371.513      
628           628           +0            -360.456      -360.456      -360.456      
629           629           +0            -370.524      -370.524      -370.524      
630           630           +0            -348.89       -348.89       -348.89       
631           631           +0            -372.709      -372.709      -372.709      
632           632           +0            -379.249      -379.249      -379.249      
633           633           +0            -378.468      -378.468      -378.468      
634           634           +0            -374.421      -374.421      -374.421      
635           635           +0            -350.904      -350.904      -350.904      
636           636           +0            -361.134      -361.134      -361.134      
637           637           +0            -375.683      -375.683      -375.683      
638           638           +0            -366.021      -366.021      -366.021      
639           639           +0            -370.978      -370.978      -370.978      
640           640           +0            -379.534      -379.534      -379.534      
641           641           +0            -368.111      -368.111      -368.111      
642           642           +0            -380.594      -380.594      -380.594      
643           643           +0            -369.061      -369.061      -369.061      
644           644           +0            -380.112      -380.112      -380.112      
645           645           +0            -366.873      -366.873      -366.873      
646           646           +0            -365.525      -365.525      -365.525      
647           647           +0            -373.12       -373.12       -373.12       
648           648           +0            -340.839      -340.839      -340.839      
649           649           +0            -375.485      -375.485      -375.485      
650           650           +0            -365.023      -365.023      -365.023      
651           651           +0            -369.568      -369.568      -369.568      
652           652           +0            -347.894      -347.894      -347.894      
653           653           +0            -356.873      -356.873      -356.873      
654           654           +0            -363.411      -363.411      -363.411      
655           655           +0            -369.604      -369.604      -369.604      
656           656           +0            -353.248      -353.248      -353.248      
657           657           +0            -358.948      -358.948      -358.948      
658           658           +0            -376.413      -376.413      -376.413      
659           659           +0            -384.014      -384.014      -384.014      
660           660           +0            -359.069      -359.069      -359.069      
661           661           +0            -375.899      -375.899      -375.899      
662           662           +0            -368.689      -368.689      -368.689      
663           663           +0            -363.921      -363.921      -363.921      
664           664           +0            -362.027      -362.027      -362.027      
665           665           +0            -361.092      -361.092      -361.092      
666           666           +0            -372.892      -372.892      -372.892      
667           667           +0            -378.573      -378.573      -378.573      
668           668           +0            -366.187      -366.187      -366.187      
669           669           +0            -388.781      -388.781      -388.781      
670           670           +0            -367.437      -367.437      -367.437      
671           671           +0            -362.396      -362.396      -362.396      
672           672           +0            -369.829      -369.829      -369.829      
673           673           +0            -374.286      -374.286      -374.286      
674           674           +0            -351.052      -351.052      -351.052      
675           675           +0            -367.249      -367.249      -367.249      
676           676           +0            -374.698      -374.698      -374.698      
677           677           +0            -359.414      -359.414      -359.414      
678           678           +0            -383.413      -383.413      -383.413      
679           679           +0            -371.525      -371.525      -371.525      
680           680           +0            -382.911      -382.911      -382.911      
681           681           +0            -347.244      -347.244      -347.244      
682           682           +0            -360.076      -360.076      -360.076      
683           683           +0            -378.697      -378.697      -378.697      
684           684           +0            -374.995      -374.995      -374.995      
685           685           +0            -362.089      -362.089      -362.089      
686           686           +0            -361.3        -361.3        -361.3        
687           687           +0            -373.954      -373.954      -373.954      
688           688           +0            -370.02       -370.02       -370.02       
689           689           +0            -382.702      -382.702      -382.702      
690           690           +0            -385.313      -385.313      -385.313      
691           691           +0            -367.572      -367.572      -367.572      
692           692           +0            -375.751      -375.751      -375.751      
693           693           +0            -350.586      -350.586      -350.586      
694           694           +0            -370.724      -370.724      -370.724      
695           695           +0            -379.89       -379.89       -379.89       
696           696           +0            -389.215      -389.215      -389.215      
697           697           +0            -375.52       -375.52       -375.52       
698           698           +0            -371.742      -371.742      -371.742      
699           699           +0            -365.651      -365.651      -365.651      
700           700           +0            -362.527      -362.527      -362.527      
701           701           +0            -368.111      -368.111      -368.111      
702           702           +0            -374.703      -374.703      -374.703      
703           703           +0            -350.545      -350.545      -350.545      
704           704           +0            -378.689      -378.689      -378.689      
705           705           +0            -340.947      -340.947      -340.947      
706           706           +0            -366.571      -366.571      -366.571      
707           707           +0            -379.23       -379.23       -379.23       
708           708           +0            -364.477      -364.477      -364.477      
709           709           +0            -353.024      -353.024      -353.024      
710           710           +0            -366.461      -366.461      -366.461      
711           711           +0            -387.215      -387.215      -387.215      
712           712           +0            -380.328      -380.328      -380.328      
713           713           +0            -362.278      -362.278      -362.278      
714           714           +0            -348.81       -348.81       -348.81       
715           715           +0            -390.59       -390.59       -390.59       
716           716           +0            -373.977      -373.977      -373.977      
717           717           +0            -380.051      -380.051      -380.051      
718           718           +0            -358.78       -358.78       -358.78       
719           719           +0            -375.027      -375.027      -375.027      
720           720           +0            -360.726      -360.726      -360.726      
721           721           +0            -375.615      -375.615      -375.615      
722           722           +0            -351.525      -351.525      -351.525      
723           723           +0            -364.271      -364.271      -364.271      
724           724           +0            -369.345      -369.345      -369.345      
725           725           +0            -361.927      -361.927      -361.927      
726           726           +0            -362.436      -362.436      -362.436      
727           727           +0            -372.293      -372.293      -372.293      
728           728           +0            -375.255      -375.255      -375.255      
729           729           +0            -367.159      -367.159      -367.159      
730           730           +0            -369.466      -369.466      -369.466      
731           731           +0            -375.257      -375.257      -375.257      
732           732           +0            -364.782      -364.782      -364.782      
733           733           +0            -355.09       -355.09       -355.09       
734           734           +0            -367.242      -367.242      -367.242      
735           735           +0            -356.063      -356.063      -356.063      
736           736           +0            -363.863      -363.863      -363.863      
737           737           +0            -359.516      -359.516      -359.516      
738           738           +0            -362.659      -362.659      -362.659      
739           739           +0            -369.158      -369.158      -369.158      
740           740           +0            -341.601      -341.601      -341.601      
741           741           +0            -374.816      -374.816      -374.816      
742           742           +0            -361.289      -361.289      -361.289      
743           743           +0            -374.976      -374.976      -374.976      
744           744           +0            -384.273      -384.273      -384.273      
745           745           +0            -360.885      -360.885      -360.885      
746           746           +0            -373.752      -373.752      -373.752      
747           747           +0            -376.386      -376.386      -376.386      
748           748           +0            -377.107      -377.107      -377.107      
749           749           +0            -382.969      -382.969      -382.969      
750           750           +0            -372.653      -372.653      -372.653      
751           751           +0            -390.388      -390.388      -390.388      
752           752           +0            -381.303      -381.303      -381.303      
753           753           +0            -374.548      -374.548      -374.548      
754           754           +0            -374.437      -374.437      -374.437      
755           755           +0            -352.014      -352.014      -352.014      
756           756           +0            -375.156      -375.156      -375.156      
757           757           +0            -370.041      -370.041      -370.041      
758           758           +0            -370.313      -370.313      -370.313      
759           759           +0            -392.691      -392.691      -392.691      
760           760           +0            -367.086      -367.086      -367.086      
761           761           +0            -361.614      -361.614      -361.614      
762           762           +0            -369.12       -369.12       -369.12       
763           763           +0            -363.495      -363.495      -363.495      
764           764           +0            -377.353      -377.353      -377.353      
765           765           +0            -375.609      -375.609      -375.609      
766           766           +0            -348.923      -348.923      -348.923      
767           767           +0            -351.354      -351.354      -351.354      
768           768           +0            -364.556      -364.556      -364.556      
769           769           +0            -355.54       -355.54       -355.54       
770           770           +0            -368.293      -368.293      -368.293      
771           771           +0            -373.719      -373.719      -373.719      
772           772           +0            -344.511      -344.511      -344.511      
773           773           +0            -367.054      -367.054      -367.054      
774           774           +0            -364.419      -364.419      -364.419      
775           775           +0            -356.011      -356.011      -356.011      
776           776           +0            -373.387      -373.387      -373.387      
777           777           +0            -367.403      -367.403      -367.403      
778           778           +0            -374.102      -374.102      -374.102      
779           779           +0            -375.904      -375.904      -375.904      
780           780           +0            -362.19       -362.19       -362.19       
781           781           +0            -396.731      -396.731      -396.731      
782           782           +0            -366.842      -366.842      -366.842      
783           783           +0            -349.584      -349.584      -349.584      
784           784           +0            -366.606      -366.606      -366.606      
785           785           +0            -370.569      -370.569      -370.569      
786           786           +0            -337.387      -337.387      -337.387      
787           787           +0            -355.698      -355.698      -355.698      
788           788           +0            -369.329      -369.329      -369.329      
789           789           +0            -340.972      -340.972      -340.972      
790           790           +0            -349.577      -349.577      -349.577      
791           791           +0            -357.119      -357.119      -357.119      
792           792           +0            -354.086      -354.086      -354.086      
793           793           +0            -341.18       -341.18       -341.18       
794           794           +0            -354.012      -354.012      -354.012      
795           795           +0            -368.823      -368.823      -368.823      
796           796           +0            -374.173      -374.173      -374.173      
797           797           +0            -364.464      -364.464      -364.464      
798           798           +0            -362.939      -362.939      -362.939      
799           799           +0            -374.322      -374.322      -374.322      
800           800           +0            -367.017      -367.017      -367.017      
801           801           +0            -375.053      -375.053      -375.053      
802           802           +0            -376.801      -376.801      -376.801      
803           803           +0            -361.785      -361.785      -361.785      
804           804           +0            -359.558      -359.558      -359.558      
805           805           +0            -366.035      -366.035      -366.035      
806           806           +0            -383.683      -383.683      -383.683      
807           807           +0            -361.059      -361.059      -361.059      
808           808           +0            -373.344      -373.344      -373.344      
809           809           +0            -354.063      -354.063      -354.063      
810           810           +0            -351.708      -351.708      -351.708      
811           811           +0            -372.907      -372.907      -372.907      
812           812           +0            -367.209      -367.209      -367.209      
813           813           +0            -360.476      -360.476      -360.476      
814           814           +0            -376.997      -376.997      -376.997      
815           815           +0            -375.248      -375.248      -375.248      
816           816           +0            -364.992      -364.992      -364.992      
817           817           +0            -367.338      -367.338      -367.338      
818           818           +0            -358.898      -358.898      -358.898      
819           819           +0            -379.909      -379.909      -379.909      
820           820           +0            -373.343      -373.343      -373.343      
821           821           +0            -362.753      -362.753      -362.753      
822           822           +0            -353.838      -353.838      -353.838      
823           823           +0            -379.038      -379.038      -379.038      
824           824           +0            -363.136      -363.136      -363.136      
825           825           +0            -362.134      -362.134      -362.134      
826           826           +0            -373.166      -373.166      -373.166      
827           827           +0            -367.599      -367.599      -367.599      
828           828           +0            -363.16       -363.16       -363.16       
829           829           +0            -371.857      -371.857      -371.857      
830           830           +0            -351.623      -351.623      -351.623      
831           831           +0            -355.817      -355.817      -355.817      
832           832           +0            -361.95       -361.95       -361.95       
833           833           +0            -340.981      -340.981      -340.981      
834           834           +0            -342.941      -342.941      -342.941      
835           835           +0            -366.425      -366.425      -366.425      
836           836           +0            -364.852      -364.852      -364.852      
837           837           +0            -368.272      -368.272      -368.272      
838           838           +0            -381.111      -381.111      -381.111      
839           839           +0            -353.225      -353.225      -353.225      
840           840           +0            -379.384      -379.384      -379.384      
841           841           +0            -364.917      -364.917      -364.917      
842           842           +0            -364.61       -364.61       -364.61       
843           843           +0            -369.578      -369.578      -369.578      
844           844           +0            -376.173      -376.173      -376.173      
845           845           +0            -374.372      -374.372      -374.372      
846           846           +0            -359.853      -359.853      -359.853      
847           847           +0            -383.43       -383.43       -383.43       
848           848           +0            -363.163      -363.163      -363.163      
849           849           +0            -379.743      -379.743      -379.743      
850           850           +0            -375.611      -375.611      -375.611      
851           851           +0            -383.058      -383.058      -383.058      
852           852           +0            -370.377      -370.377      -370.377      
853           853           +0            -357.404      -357.404      -357.404      
854           854           +0            -356.908      -356.908      -356.908      
855           855           +0            -366.025      -366.025      -366.025      
856           856           +0            -375.59       -375.59       -375.59       
857           857           +0            -370.448      -370.448      -370.448      
858           858           +0            -364.849      -364.849      -364.849      
859           859           +0            -374.162      -374.162      -374.162      
860           860           +0            -372.75       -372.75       -372.75       
861           861           +0            -365.643      -365.643      -365.643      
862           862           +0            -377.444      -377.444      -377.444      
863           863           +0            -371.249      -371.249      -371.249      
864           864           +0            -358.101      -358.101      -358.101      
865           865           +0            -368.058      -368.058      -368.058      
866           866           +0            -364.769      -364.769      -364.769      
867           867           +0            -385.356      -385.356      -385.356      
868           868           +0            -363.883      -363.883      -363.883      
869           869           +0            -364.112      -364.112      -364.112      
870           870           +0            -354.566      -354.566      -354.566      
871           871           +0            -353.662      -353.662      -353.662      
872           872           +0            -371.163      -371.163      -371.163      
873           873           +0            -364.608      -364.608      -364.608      
874           874           +0            -365.651      -365.651      -365.651      
875           875           +0            -367.038      -367.038      -367.038      
876           876           +0            -355.577      -355.577      -355.577      
877           877           +0            -351.515      -351.515      -351.515      
878           878           +0            -359.436      -359.436      -359.436      
879           879           +0            -375.605      -375.605      -375.605      
880           880           +0            -380.007      -380.007      -380.007      
881           881           +0            -360.339      -360.339      -360.339      
882           882           +0            -381.149      -381.149      -381.149      
883           883           +0            -370.176      -370.176      -370.176      
884           884           +0            -382.5        -382.5        -382.5        
885           885           +0            -373.519      -373.519      -373.519      
886           886           +0            -375.434      -375.434      -375.434      
887           887           +0            -381.553      -381.553      -381.553      
888           888           +0            -378.456      -378.456      -378.456      
889           889           +0            -389.695      -389.695      -389.695      
890           890           +0            -377.27       -377.27       -377.27       
891           891           +0            -363.055      -363.055      -363.055      
892           892           +0            -360.559      -360.559      -360.559      
893           893           +0            -379.05       -379.05       -379.05       
894           894           +0            -370.02       -370.02       -370.02       
895           895           +0            -380.518      -380.518      -380.518      
896           896           +0            -349.75       -349.75       -349.75       
897           897           +0            -379.865      -379.865      -379.865      
898           898           +0            -390.431      -390.431      -390.431      
899           899           +0            -351.534      -351.534      -351.534      
900           900           +0            -374.887      -374.887      -374.887      
901           901           +0            -354.885      -354.885      -354.885      
902           902           +0            -367.724      -367.724      -367.724      
903           903           +0            -360.16       -360.16       -360.16       
904           904           +0            -376.916      -376.916      -376.916      
905           905           +0            -358.358      -358.358      -358.358      
906           906           +0            -374.743      -374.743      -374.743      
907           907           +0            -360.912      -360.912      -360.912      
908           908           +0            -371.642      -371.642      -371.642      
909           909           +0            -391.272      -391.272      -391.272      
910           910           +0            -369.47       -369.47       -369.47       
911           911           +0            -368.365      -368.365      -368.365      
912           912           +0            -372.431      -372.431      -372.431      
913           913           +0            -350.584      -350.584      -350.584      
914           914           +0            -366.36       -366.36       -366.36       
915           915           +0            -338.391      -338.391      -338.391      
916           916           +0            -360.873      -360.873      -360.873      
917           917           +0            -370.859      -370.859      -370.859      
918           918           +0            -359.323      -359.323      -359.323      
919           919           +0            -376.331      -376.331      -376.331      
920           920           +0            -366.933      -366.933      -366.933      
921           921           +0            -357.115      -357.115      -357.115      
922           922           +0            -368.58       -368.58       -368.58       
923           923           +0            -363.372      -363.372      -363.372      
924           924           +0            -360.797      -360.797      -360.797      
925           925           +0            -350.982      -350.982      -350.982      
926           926           +0            -332.973      -332.973      -332.973      
927           927           +0            -369.957      -369.957      -369.957      
928           928           +0            -369.037      -369.037      -369.037      
929           929           +0            -377.258      -377.258      -377.258      
930           930           +0            -359.002      -359.002      -359.002      
931           931           +0            -352.764      -352.764      -352.764      
932           932           +0            -362.179      -362.179      -362.179      
933           933           +0            -355.532      -355.532      -355.532      
934           934           +0            -368.607      -368.607      -368.607      
935           935           +0            -365.843      -365.843      -365.843      
936           936           +0            -360.584      -360.584      -360.584      
937           937           +0            -348.028      -348.028      -348.028      
938           938           +0            -378.378      -378.378      -378.378      
939           939           +0            -382.092      -382.092      -382.092      
940           940           +0            -361.047      -361.047      -361.047      
941           941           +0            -377.491      -377.491      -377.491      
942           942           +0            -360.284      -360.284      -360.284      
943           943           +0            -354.449      -354.449      -354.449      
944           944           +0            -360.821      -360.821      -360.821      
945           945           +0            -354.555      -354.555      -354.555      
946           946           +0            -374.642      -374.642      -374.642      
947           947           +0            -367.972      -367.972      -367.972      
948           948           +0            -355.146      -355.146      -355.146      
949           949           +0            -373.724      -373.724      -373.724      
950           950           +0            -352.354      -352.354      -352.354      
951           951           +0            -378.357      -378.357      -378.357      
952           952           +0            -373.357      -373.357      -373.357      
953           953           +0            -352.956      -352.956      -352.956      
954           954           +0            -358.115      -358.115      -358.115      
955           955           +0            -360.161      -360.161      -360.161      
956           956           +0            -355.618      -355.618      -355.618      
957           957           +0            -369.836      -369.836      -369.836      
958           958           +0            -383.008      -383.008      -383.008      
959           959           +0            -360.891      -360.891      -360.891      
960           960           +0            -390.357      -390.357      -390.357      
961           961           +0            -379.052      -379.052      -379.052      
962           962           +0            -373.97       -373.97       -373.97       
963           963           +0            -363.341      -363.341      -363.341      
964           964           +0            -352.222      -352.222      -352.222      
965           965           +0            -369.652      -369.652      -369.652      
966           966           +0            -375.675      -375.675      -375.675      
967           967           +0            -389.375      -389.375      -389.375      
968           968           +0            -354.055      -354.055      -354.055      
969           969           +0            -363.889      -363.889      -363.889      
970           970           +0            -362.2        -362.2        -362.2        
