Frame         Time          Elec          VdW           Nonbond       Total         
0             0             +0            -8.7721       -8.7721       -8.7721       
1             1             +0            -39.594       -39.594       -39.594       
2             2             +0            -155.332      -155.332      -155.332      
3             3             +0            -182.624      -182.624      -182.624      
4             4             +0            -271.956      -271.956      -271.956      
5             5             +0            -269.472      -269.472      -269.472      
6             6             +0            -281.044      -281.044      -281.044      
7             7             +0            -303.793      -303.793      -303.793      
8             8             +0            -294.585      -294.585      -294.585      
9             9             +0            -281.628      -281.628      -281.628      
10            10            +0            -298.024      -298.024      -298.024      
11            11            +0            -290.069      -290.069      -290.069      
12            12            +0            -294.93       -294.93       -294.93       
13            13            +0            -288.041      -288.041      -288.041      
14            14            +0            -304.487      -304.487      -304.487      
15            15            +0            -305.578      -305.578      -305.578      
16            16            +0            -283.289      -283.289      -283.289      
17            17            +0            -313.345      -313.345      -313.345      
18            18            +0            -273.008      -273.008      -273.008      
19            19            +0            -293.528      -293.528      -293.528      
20            20            +0            -292.207      -292.207      -292.207      
21            21            +0            -298.435      -298.435      -298.435      
22            22            +0            -300.032      -300.032      -300.032      
23            23            +0            -317.799      -317.799      -317.799      
24            24            +0            -306.493      -306.493      -306.493      
25            25            +0            -302.206      -302.206      -302.206      
26            26            +0            -279.707      -279.707      -279.707      
27            27            +0            -312.265      -312.265      -312.265      
28            28            +0            -287.426      -287.426      -287.426      
29            29            +0            -290.851      -290.851      -290.851      
30            30            +0            -288.406      -288.406      -288.406      
31            31            +0            -296.726      -296.726      -296.726      
32            32            +0            -305.546      -305.546      -305.546      
33            33            +0            -310.868      -310.868      -310.868      
34            34            +0            -285.379      -285.379      -285.379      
35            35            +0            -292.767      -292.767      -292.767      
36            36            +0            -298.44       -298.44       -298.44       
37            37            +0            -310.063      -310.063      -310.063      
38            38            +0            -306.568      -306.568      -306.568      
39            39            +0            -311.228      -311.228      -311.228      
40            40            +0            -302.879      -302.879      -302.879      
41            41            +0            -291.256      -291.256      -291.256      
42            42            +0            -310.933      -310.933      -310.933      
43            43            +0            -295.341      -295.341      -295.341      
44            44            +0            -315.595      -315.595      -315.595      
45            45            +0            -311.314      -311.314      -311.314      
46            46            +0            -320.196      -320.196      -320.196      
47            47            +0            -296.773      -296.773      -296.773      
48            48            +0            -305.973      -305.973      -305.973      
49            49            +0            -313.259      -313.259      -313.259      
50            50            +0            -298.507      -298.507      -298.507      
51            51            +0            -304.701      -304.701      -304.701      
52            52            +0            -309.336      -309.336      -309.336      
53            53            +0            -311.011      -311.011      -311.011      
54            54            +0            -305.554      -305.554      -305.554      
55            55            +0            -285.552      -285.552      -285.552      
56            56            +0            -295.327      -295.327      -295.327      
57            57            +0            -314.279      -314.279      -314.279      
58            58            +0            -299.635      -299.635      -299.635      
59            59            +0            -302.478      -302.478      -302.478      
60            60            +0            -304.078      -304.078      -304.078      
61            61            +0            -300.14       -300.14       -300.14       
62            62            +0            -295.565      -295.565      -295.565      
63            63            +0            -313.668      -313.668      -313.668      
64            64            +0            -305.511      -305.511      -305.511      
65            65            +0            -317.494      -317.494      -317.494      
66            66            +0            -287.754      -287.754      -287.754      
67            67            +0            -308.761      -308.761      -308.761      
68            68            +0            -294.771      -294.771      -294.771      
69            69            +0            -299.453      -299.453      -299.453      
70            70            +0            -301.851      -301.851      -301.851      
71            71            +0            -298.312      -298.312      -298.312      
72            72            +0            -296.558      -296.558      -296.558      
73            73            +0            -292.175      -292.175      -292.175      
74            74            +0            -309.979      -309.979      -309.979      
75            75            +0            -312.199      -312.199      -312.199      
76            76            +0            -302.579      -302.579      -302.579      
77            77            +0            -308.261      -308.261      -308.261      
78            78            +0            -297.506      -297.506      -297.506      
79            79            +0            -293.926      -293.926      -293.926      
80            80            +0            -299.616      -299.616      -299.616      
81            81            +0            -306.664      -306.664      -306.664      
82            82            +0            -311.363      -311.363      -311.363      
83            83            +0            -306.765      -306.765      -306.765      
84            84            +0            -302.154      -302.154      -302.154      
85            85            +0            -285.961      -285.961      -285.961      
86            86            +0            -298.13       -298.13       -298.13       
87            87            +0            -322.619      -322.619      -322.619      
88            88            +0            -281.981      -281.981      -281.981      
89            89            +0            -319.915      -319.915      -319.915      
90            90            +0            -300.367      -300.367      -300.367      
91            91            +0            -308.241      -308.241      -308.241      
92            92            +0            -301.119      -301.119      -301.119      
93            93            +0            -307.585      -307.585      -307.585      
94            94            +0            -304.365      -304.365      -304.365      
95            95            +0            -293.695      -293.695      -293.695      
96            96            +0            -303.375      -303.375      -303.375      
97            97            +0            -298.943      -298.943      -298.943      
98            98            +0            -292.317      -292.317      -292.317      
99            99            +0            -295.248      -295.248      -295.248      
100           100           +0            -288.859      -288.859      -288.859      
101           101           +0            -302.141      -302.141      -302.141      
102           102           +0            -294.098      -294.098      -294.098      
103           103           +0            -294.404      -294.404      -294.404      
104           104           +0            -327.557      -327.557      -327.557      
105           105           +0            -312.351      -312.351      -312.351      
106           106           +0            -308.263      -308.263      -308.263      
107           107           +0            -297.307      -297.307      -297.307      
108           108           +0            -295.625      -295.625      -295.625      
109           109           +0            -292.169      -292.169      -292.169      
110           110           +0            -289.787      -289.787      -289.787      
111           111           +0            -311.741      -311.741      -311.741      
112           112           +0            -337.554      -337.554      -337.554      
113           113           +0            -323.815      -323.815      -323.815      
114           114           +0            -320.111      -320.111      -320.111      
115           115           +0            -326.637      -326.637      -326.637      
116           116           +0            -312.6        -312.6        -312.6        
117           117           +0            -302.681      -302.681      -302.681      
118           118           +0            -308.219      -308.219      -308.219      
119           119           +0            -334.199      -334.199      -334.199      
120           120           +0            -305.142      -305.142      -305.142      
121           121           +0            -310.507      -310.507      -310.507      
122           122           +0            -302.034      -302.034      -302.034      
123           123           +0            -330.7        -330.7        -330.7        
124           124           +0            -314.031      -314.031      -314.031      
125           125           +0            -311.906      -311.906      -311.906      
126           126           +0            -312.365      -312.365      -312.365      
127           127           +0            -298.121      -298.121      -298.121      
128           128           +0            -318.275      -318.275      -318.275      
129           129           +0            -329.228      -329.228      -329.228      
130           130           +0            -324.021      -324.021      -324.021      
131           131           +0            -288.765      -288.765      -288.765      
132           132           +0            -323.916      -323.916      -323.916      
133           133           +0            -305.627      -305.627      -305.627      
134           134           +0            -334.018      -334.018      -334.018      
135           135           +0            -312.918      -312.918      -312.918      
136           136           +0            -322.886      -322.886      -322.886      
137           137           +0            -319.776      -319.776      -319.776      
138           138           +0            -319.79       -319.79       -319.79       
139           139           +0            -311.288      -311.288      -311.288      
140           140           +0            -331.97       -331.97       -331.97       
141           141           +0            -326.432      -326.432      -326.432      
142           142           +0            -312.294      -312.294      -312.294      
143           143           +0            -305.976      -305.976      -305.976      
144           144           +0            -314.821      -314.821      -314.821      
145           145           +0            -334.003      -334.003      -334.003      
146           146           +0            -312.632      -312.632      -312.632      
147           147           +0            -302.07       -302.07       -302.07       
148           148           +0            -334.329      -334.329      -334.329      
149           149           +0            -329.283      -329.283      -329.283      
150           150           +0            -317.211      -317.211      -317.211      
151           151           +0            -331.687      -331.687      -331.687      
152           152           +0            -321.474      -321.474      -321.474      
153           153           +0            -303.303      -303.303      -303.303      
154           154           +0            -311.637      -311.637      -311.637      
155           155           +0            -312.113      -312.113      -312.113      
156           156           +0            -333.177      -333.177      -333.177      
157           157           +0            -331.9        -331.9        -331.9        
158           158           +0            -309.549      -309.549      -309.549      
159           159           +0            -325.189      -325.189      -325.189      
160           160           +0            -309.707      -309.707      -309.707      
161           161           +0            -322.93       -322.93       -322.93       
162           162           +0            -323.844      -323.844      -323.844      
163           163           +0            -300.866      -300.866      -300.866      
164           164           +0            -303.977      -303.977      -303.977      
165           165           +0            -304.8        -304.8        -304.8        
166           166           +0            -315.95       -315.95       -315.95       
167           167           +0            -277.985      -277.985      -277.985      
168           168           +0            -317.281      -317.281      -317.281      
169           169           +0            -307.341      -307.341      -307.341      
170           170           +0            -304.151      -304.151      -304.151      
171           171           +0            -286.226      -286.226      -286.226      
172           172           +0            -323.226      -323.226      -323.226      
173           173           +0            -332.101      -332.101      -332.101      
174           174           +0            -324.107      -324.107      -324.107      
175           175           +0            -321.184      -321.184      -321.184      
176           176           +0            -335.986      -335.986      -335.986      
177           177           +0            -325.863      -325.863      -325.863      
178           178           +0            -327.327      -327.327      -327.327      
179           179           +0            -301.345      -301.345      -301.345      
180           180           +0            -324.609      -324.609      -324.609      
181           181           +0            -311.435      -311.435      -311.435      
182           182           +0            -322.375      -322.375      -322.375      
183           183           +0            -306.933      -306.933      -306.933      
184           184           +0            -324.133      -324.133      -324.133      
185           185           +0            -327.503      -327.503      -327.503      
186           186           +0            -321.256      -321.256      -321.256      
187           187           +0            -318.8        -318.8        -318.8        
188           188           +0            -327.427      -327.427      -327.427      
189           189           +0            -333.029      -333.029      -333.029      
190           190           +0            -311.561      -311.561      -311.561      
191           191           +0            -320.608      -320.608      -320.608      
192           192           +0            -325.474      -325.474      -325.474      
193           193           +0            -311.597      -311.597      -311.597      
194           194           +0            -317.509      -317.509      -317.509      
195           195           +0            -314.15       -314.15       -314.15       
196           196           +0            -307.036      -307.036      -307.036      
197           197           +0            -332.89       -332.89       -332.89       
198           198           +0            -316.947      -316.947      -316.947      
199           199           +0            -326.169      -326.169      -326.169      
200           200           +0            -302.21       -302.21       -302.21       
201           201           +0            -316.545      -316.545      -316.545      
202           202           +0            -324.644      -324.644      -324.644      
203           203           +0            -316.707      -316.707      -316.707      
204           204           +0            -313.834      -313.834      -313.834      
205           205           +0            -315.08       -315.08       -315.08       
206           206           +0            -324.035      -324.035      -324.035      
207           207           +0            -329.885      -329.885      -329.885      
208           208           +0            -319.315      -319.315      -319.315      
209           209           +0            -322.752      -322.752      -322.752      
210           210           +0            -316.413      -316.413      -316.413      
211           211           +0            -333.372      -333.372      -333.372      
212           212           +0            -320.016      -320.016      -320.016      
213           213           +0            -333.422      -333.422      -333.422      
214           214           +0            -320.413      -320.413      -320.413      
215           215           +0            -317.679      -317.679      -317.679      
216           216           +0            -301.541      -301.541      -301.541      
217           217           +0            -321.382      -321.382      -321.382      
218           218           +0            -307.758      -307.758      -307.758      
219           219           +0            -325.001      -325.001      -325.001      
220           220           +0            -334.283      -334.283      -334.283      
221           221           +0            -305.906      -305.906      -305.906      
222           222           +0            -304.511      -304.511      -304.511      
223           223           +0            -322.504      -322.504      -322.504      
224           224           +0            -325.038      -325.038      -325.038      
225           225           +0            -306.376      -306.376      -306.376      
226           226           +0            -317.076      -317.076      -317.076      
227           227           +0            -328.606      -328.606      -328.606      
228           228           +0            -309.579      -309.579      -309.579      
229           229           +0            -329.398      -329.398      -329.398      
230           230           +0            -299.397      -299.397      -299.397      
231           231           +0            -323.729      -323.729      -323.729      
232           232           +0            -304.719      -304.719      -304.719      
233           233           +0            -312.124      -312.124      -312.124      
234           234           +0            -309.873      -309.873      -309.873      
235           235           +0            -320.946      -320.946      -320.946      
236           236           +0            -330.674      -330.674      -330.674      
237           237           +0            -327.791      -327.791      -327.791      
238           238           +0            -321.816      -321.816      -321.816      
239           239           +0            -321.513      -321.513      -321.513      
240           240           +0            -318.394      -318.394      -318.394      
241           241           +0            -324.107      -324.107      -324.107      
242           242           +0            -312.315      -312.315      -312.315      
243           243           +0            -316.661      -316.661      -316.661      
244           244           +0            -315.603      -315.603      -315.603      
245           245           +0            -320.938      -320.938      -320.938      
246           246           +0            -314.724      -314.724      -314.724      
247           247           +0            -327.308      -327.308      -327.308      
248           248           +0            -316.98       -316.98       -316.98       
249           249           +0            -316.046      -316.046      -316.046      
250           250           +0            -321.862      -321.862      -321.862      
251           251           +0            -321.175      -321.175      -321.175      
252           252           +0            -311.948      -311.948      -311.948      
253           253           +0            -308.34       -308.34       -308.34       
254           254           +0            -314.451      -314.451      -314.451      
255           255           +0            -326.029      -326.029      -326.029      
256           256           +0            -313.584      -313.584      -313.584      
257           257           +0            -317.651      -317.651      -317.651      
258           258           +0            -319.129      -319.129      -319.129      
259           259           +0            -326.225      -326.225      -326.225      
260           260           +0            -321.295      -321.295      -321.295      
261           261           +0            -319.597      -319.597      -319.597      
262           262           +0            -311.202      -311.202      -311.202      
263           263           +0            -315.065      -315.065      -315.065      
264           264           +0            -309.145      -309.145      -309.145      
265           265           +0            -310.144      -310.144      -310.144      
266           266           +0            -330.168      -330.168      -330.168      
267           267           +0            -309.738      -309.738      -309.738      
268           268           +0            -335.55       -335.55       -335.55       
269           269           +0            -306.865      -306.865      -306.865      
270           270           +0            -297.251      -297.251      -297.251      
271           271           +0            -331.39       -331.39       -331.39       
272           272           +0            -327.902      -327.902      -327.902      
273           273           +0            -325.367      -325.367      -325.367      
274           274           +0            -333.03       -333.03       -333.03       
275           275           +0            -333.937      -333.937      -333.937      
276           276           +0            -327.839      -327.839      -327.839      
277           277           +0            -321.45       -321.45       -321.45       
278           278           +0            -330.479      -330.479      -330.479      
279           279           +0            -328.408      -328.408      -328.408      
280           280           +0            -335.171      -335.171      -335.171      
281           281           +0            -330.17       -330.17       -330.17       
282           282           +0            -337.239      -337.239      -337.239      
283           283           +0            -342.525      -342.525      -342.525      
284           284           +0            -325.665      -325.665      -325.665      
285           285           +0            -339.869      -339.869      -339.869      
286           286           +0            -320.375      -320.375      -320.375      
287           287           +0            -312.561      -312.561      -312.561      
288           288           +0            -326.977      -326.977      -326.977      
289           289           +0            -332.442      -332.442      -332.442      
290           290           +0            -325.77       -325.77       -325.77       
291           291           +0            -335.215      -335.215      -335.215      
292           292           +0            -329.392      -329.392      -329.392      
293           293           +0            -324.355      -324.355      -324.355      
294           294           +0            -330.746      -330.746      -330.746      
295           295           +0            -334.177      -334.177      -334.177      
296           296           +0            -318.796      -318.796      -318.796      
297           297           +0            -317.393      -317.393      -317.393      
298           298           +0            -332.359      -332.359      -332.359      
299           299           +0            -335.185      -335.185      -335.185      
300           300           +0            -340.974      -340.974      -340.974      
301           301           +0            -345.074      -345.074      -345.074      
302           302           +0            -334.464      -334.464      -334.464      
303           303           +0            -335.619      -335.619      -335.619      
304           304           +0            -322.613      -322.613      -322.613      
305           305           +0            -331.356      -331.356      -331.356      
306           306           +0            -339.953      -339.953      -339.953      
307           307           +0            -305.574      -305.574      -305.574      
308           308           +0            -334.96       -334.96       -334.96       
309           309           +0            -327.659      -327.659      -327.659      
310           310           +0            -336.041      -336.041      -336.041      
311           311           +0            -310.147      -310.147      -310.147      
312           312           +0            -328.852      -328.852      -328.852      
313           313           +0            -323.452      -323.452      -323.452      
314           314           +0            -335.736      -335.736      -335.736      
315           315           +0            -336.02       -336.02       -336.02       
316           316           +0            -327.926      -327.926      -327.926      
317           317           +0            -342.718      -342.718      -342.718      
318           318           +0            -323.654      -323.654      -323.654      
319           319           +0            -330.599      -330.599      -330.599      
320           320           +0            -340.732      -340.732      -340.732      
321           321           +0            -356.315      -356.315      -356.315      
322           322           +0            -334.929      -334.929      -334.929      
323           323           +0            -341.162      -341.162      -341.162      
324           324           +0            -316.574      -316.574      -316.574      
325           325           +0            -328.661      -328.661      -328.661      
326           326           +0            -335.435      -335.435      -335.435      
327           327           +0            -330.623      -330.623      -330.623      
328           328           +0            -320.644      -320.644      -320.644      
329           329           +0            -316.854      -316.854      -316.854      
330           330           +0            -336.683      -336.683      -336.683      
331           331           +0            -338.595      -338.595      -338.595      
332           332           +0            -318.311      -318.311      -318.311      
333           333           +0            -321.264      -321.264      -321.264      
334           334           +0            -340.875      -340.875      -340.875      
335           335           +0            -343.03       -343.03       -343.03       
336           336           +0            -347.784      -347.784      -347.784      
337           337           +0            -337.005      -337.005      -337.005      
338           338           +0            -356.371      -356.371      -356.371      
339           339           +0            -336.842      -336.842      -336.842      
340           340           +0            -326.03       -326.03       -326.03       
341           341           +0            -306.892      -306.892      -306.892      
342           342           +0            -343.164      -343.164      -343.164      
343           343           +0            -337.505      -337.505      -337.505      
344           344           +0            -308.307      -308.307      -308.307      
345           345           +0            -341.617      -341.617      -341.617      
346           346           +0            -301.687      -301.687      -301.687      
347           347           +0            -335.156      -335.156      -335.156      
348           348           +0            -299.128      -299.128      -299.128      
349           349           +0            -310.913      -310.913      -310.913      
350           350           +0            -340.233      -340.233      -340.233      
351           351           +0            -323.025      -323.025      -323.025      
352           352           +0            -340.555      -340.555      -340.555      
353           353           +0            -324.439      -324.439      -324.439      
354           354           +0            -334.043      -334.043      -334.043      
355           355           +0            -342.168      -342.168      -342.168      
356           356           +0            -315.265      -315.265      -315.265      
357           357           +0            -332.39       -332.39       -332.39       
358           358           +0            -332.495      -332.495      -332.495      
359           359           +0            -335.714      -335.714      -335.714      
360           360           +0            -327.579      -327.579      -327.579      
361           361           +0            -311.654      -311.654      -311.654      
362           362           +0            -333.735      -333.735      -333.735      
363           363           +0            -335.86       -335.86       -335.86       
364           364           +0            -321.849      -321.849      -321.849      
365           365           +0            -342.129      -342.129      -342.129      
366           366           +0            -334.495      -334.495      -334.495      
367           367           +0            -342.471      -342.471      -342.471      
368           368           +0            -330.565      -330.565      -330.565      
369           369           +0            -323.616      -323.616      -323.616      
370           370           +0            -335.688      -335.688      -335.688      
371           371           +0            -316.142      -316.142      -316.142      
372           372           +0            -337.159      -337.159      -337.159      
373           373           +0            -317.067      -317.067      -317.067      
374           374           +0            -317.899      -317.899      -317.899      
375           375           +0            -348.255      -348.255      -348.255      
376           376           +0            -303.805      -303.805      -303.805      
377           377           +0            -346.661      -346.661      -346.661      
378           378           +0            -322.531      -322.531      -322.531      
379           379           +0            -339.974      -339.974      -339.974      
380           380           +0            -335.777      -335.777      -335.777      
381           381           +0            -311.107      -311.107      -311.107      
382           382           +0            -328.309      -328.309      -328.309      
383           383           +0            -335.27       -335.27       -335.27       
384           384           +0            -339.708      -339.708      -339.708      
385           385           +0            -345.606      -345.606      -345.606      
386           386           +0            -343.879      -343.879      -343.879      
387           387           +0            -352.486      -352.486      -352.486      
388           388           +0            -316.85       -316.85       -316.85       
389           389           +0            -324.083      -324.083      -324.083      
390           390           +0            -336.543      -336.543      -336.543      
391           391           +0            -339.232      -339.232      -339.232      
392           392           +0            -311.196      -311.196      -311.196      
393           393           +0            -330.589      -330.589      -330.589      
394           394           +0            -344.474      -344.474      -344.474      
395           395           +0            -326.029      -326.029      -326.029      
396           396           +0            -337.597      -337.597      -337.597      
397           397           +0            -343.169      -343.169      -343.169      
398           398           +0            -326.307      -326.307      -326.307      
399           399           +0            -328.789      -328.789      -328.789      
400           400           +0            -308.591      -308.591      -308.591      
401           401           +0            -346.731      -346.731      -346.731      
402           402           +0            -340.512      -340.512      -340.512      
403           403           +0            -332.751      -332.751      -332.751      
404           404           +0            -342.954      -342.954      -342.954      
405           405           +0            -303.796      -303.796      -303.796      
406           406           +0            -314.081      -314.081      -314.081      
407           407           +0            -330.878      -330.878      -330.878      
408           408           +0            -315.171      -315.171      -315.171      
409           409           +0            -333.834      -333.834      -333.834      
410           410           +0            -318.273      -318.273      -318.273      
411           411           +0            -337.566      -337.566      -337.566      
412           412           +0            -318.635      -318.635      -318.635      
413           413           +0            -326.705      -326.705      -326.705      
414           414           +0            -333.646      -333.646      -333.646      
415           415           +0            -332.618      -332.618      -332.618      
416           416           +0            -328.414      -328.414      -328.414      
417           417           +0            -339.38       -339.38       -339.38       
418           418           +0            -341.113      -341.113      -341.113      
419           419           +0            -355.594      -355.594      -355.594      
420           420           +0            -334.652      -334.652      -334.652      
421           421           +0            -342.654      -342.654      -342.654      
422           422           +0            -345.133      -345.133      -345.133      
423           423           +0            -330.788      -330.788      -330.788      
424           424           +0            -319.802      -319.802      -319.802      
425           425           +0            -318.498      -318.498      -318.498      
426           426           +0            -306.627      -306.627      -306.627      
427           427           +0            -326.432      -326.432      -326.432      
428           428           +0            -322.591      -322.591      -322.591      
429           429           +0            -328.904      -328.904      -328.904      
430           430           +0            -334.816      -334.816      -334.816      
431           431           +0            -333.314      -333.314      -333.314      
432           432           +0            -322.849      -322.849      -322.849      
433           433           +0            -321.526      -321.526      -321.526      
434           434           +0            -305.451      -305.451      -305.451      
435           435           +0            -316.512      -316.512      -316.512      
436           436           +0            -330.768      -330.768      -330.768      
437           437           +0            -340.17       -340.17       -340.17       
438           438           +0            -330.356      -330.356      -330.356      
439           439           +0            -329.525      -329.525      -329.525      
440           440           +0            -312.702      -312.702      -312.702      
441           441           +0            -332.149      -332.149      -332.149      
442           442           +0            -327.592      -327.592      -327.592      
443           443           +0            -333.103      -333.103      -333.103      
444           444           +0            -318.547      -318.547      -318.547      
445           445           +0            -341.358      -341.358      -341.358      
446           446           +0            -310.287      -310.287      -310.287      
447           447           +0            -325.765      -325.765      -325.765      
448           448           +0            -317.566      -317.566      -317.566      
449           449           +0            -322.289      -322.289      -322.289      
450           450           +0            -323.971      -323.971      -323.971      
451           451           +0            -310.864      -310.864      -310.864      
452           452           +0            -344.568      -344.568      -344.568      
453           453           +0            -345.658      -345.658      -345.658      
454           454           +0            -326.966      -326.966      -326.966      
455           455           +0            -324.553      -324.553      -324.553      
456           456           +0            -337.049      -337.049      -337.049      
457           457           +0            -328.58       -328.58       -328.58       
458           458           +0            -335.674      -335.674      -335.674      
459           459           +0            -328.897      -328.897      -328.897      
460           460           +0            -303.751      -303.751      -303.751      
461           461           +0            -316.733      -316.733      -316.733      
462           462           +0            -360.626      -360.626      -360.626      
463           463           +0            -353.673      -353.673      -353.673      
464           464           +0            -322.183      -322.183      -322.183      
465           465           +0            -345.005      -345.005      -345.005      
466           466           +0            -339.448      -339.448      -339.448      
467           467           +0            -339.297      -339.297      -339.297      
468           468           +0            -345.603      -345.603      -345.603      
469           469           +0            -340.829      -340.829      -340.829      
470           470           +0            -341.094      -341.094      -341.094      
471           471           +0            -350.925      -350.925      -350.925      
472           472           +0            -326.644      -326.644      -326.644      
473           473           +0            -341.184      -341.184      -341.184      
474           474           +0            -338.324      -338.324      -338.324      
475           475           +0            -352.897      -352.897      -352.897      
476           476           +0            -337.639      -337.639      -337.639      
477           477           +0            -345.385      -345.385      -345.385      
478           478           +0            -324.525      -324.525      -324.525      
479           479           +0            -322.125      -322.125      -322.125      
480           480           +0            -311.975      -311.975      -311.975      
481           481           +0            -337.811      -337.811      -337.811      
482           482           +0            -352.437      -352.437      -352.437      
483           483           +0            -348.087      -348.087      -348.087      
484           484           +0            -340.942      -340.942      -340.942      
485           485           +0            -338.829      -338.829      -338.829      
486           486           +0            -349.57       -349.57       -349.57       
487           487           +0            -356.755      -356.755      -356.755      
488           488           +0            -334.525      -334.525      -334.525      
489           489           +0            -350.885      -350.885      -350.885      
490           490           +0            -330.098      -330.098      -330.098      
491           491           +0            -333.833      -333.833      -333.833      
492           492           +0            -337.115      -337.115      -337.115      
493           493           +0            -367.684      -367.684      -367.684      
494           494           +0            -349.17       -349.17       -349.17       
495           495           +0            -350.825      -350.825      -350.825      
496           496           +0            -345.454      -345.454      -345.454      
497           497           +0            -355.529      -355.529      -355.529      
498           498           +0            -348.998      -348.998      -348.998      
499           499           +0            -327.69       -327.69       -327.69       
500           500           +0            -351.334      -351.334      -351.334      
501           501           +0            -353.752      -353.752      -353.752      
502           502           +0            -352.929      -352.929      -352.929      
503           503           +0            -361.274      -361.274      -361.274      
504           504           +0            -358.595      -358.595      -358.595      
505           505           +0            -336.297      -336.297      -336.297      
506           506           +0            -347.581      -347.581      -347.581      
507           507           +0            -329.05       -329.05       -329.05       
508           508           +0            -332.258      -332.258      -332.258      
509           509           +0            -324.522      -324.522      -324.522      
510           510           +0            -359.02       -359.02       -359.02       
511           511           +0            -315.981      -315.981      -315.981      
512           512           +0            -324.68       -324.68       -324.68       
513           513           +0            -343.521      -343.521      -343.521      
514           514           +0            -312.382      -312.382      -312.382      
515           515           +0            -330.78       -330.78       -330.78       
516           516           +0            -333.361      -333.361      -333.361      
517           517           +0            -340.641      -340.641      -340.641      
518           518           +0            -338.813      -338.813      -338.813      
519           519           +0            -330.522      -330.522      -330.522      
520           520           +0            -353.2        -353.2        -353.2        
521           521           +0            -340.977      -340.977      -340.977      
522           522           +0            -341.135      -341.135      -341.135      
523           523           +0            -342.171      -342.171      -342.171      
524           524           +0            -343.367      -343.367      -343.367      
525           525           +0            -331.651      -331.651      -331.651      
526           526           +0            -352.598      -352.598      -352.598      
527           527           +0            -340.216      -340.216      -340.216      
528           528           +0            -322.165      -322.165      -322.165      
529           529           +0            -356.07       -356.07       -356.07       
530           530           +0            -347.573      -347.573      -347.573      
531           531           +0            -356.171      -356.171      -356.171      
532           532           +0            -357.042      -357.042      -357.042      
533           533           +0            -335.862      -335.862      -335.862      
534           534           +0            -325.847      -325.847      -325.847      
535           535           +0            -340.688      -340.688      -340.688      
536           536           +0            -344.436      -344.436      -344.436      
537           537           +0            -329.676      -329.676      -329.676      
538           538           +0            -329.503      -329.503      -329.503      
539           539           +0            -315.095      -315.095      -315.095      
540           540           +0            -341.85       -341.85       -341.85       
541           541           +0            -337.217      -337.217      -337.217      
542           542           +0            -339.728      -339.728      -339.728      
543           543           +0            -343.753      -343.753      -343.753      
544           544           +0            -329.973      -329.973      -329.973      
545           545           +0            -334.883      -334.883      -334.883      
546           546           +0            -361.459      -361.459      -361.459      
547           547           +0            -325.789      -325.789      -325.789      
548           548           +0            -359.695      -359.695      -359.695      
549           549           +0            -332.935      -332.935      -332.935      
550           550           +0            -346.913      -346.913      -346.913      
551           551           +0            -357.175      -357.175      -357.175      
552           552           +0            -335.353      -335.353      -335.353      
553           553           +0            -351.903      -351.903      -351.903      
554           554           +0            -341.385      -341.385      -341.385      
555           555           +0            -325.427      -325.427      -325.427      
556           556           +0            -348.865      -348.865      -348.865      
557           557           +0            -371.986      -371.986      -371.986      
558           558           +0            -355.002      -355.002      -355.002      
559           559           +0            -354.931      -354.931      -354.931      
560           560           +0            -347.658      -347.658      -347.658      
561           561           +0            -357.01       -357.01       -357.01       
562           562           +0            -331.511      -331.511      -331.511      
563           563           +0            -352.197      -352.197      -352.197      
564           564           +0            -345.849      -345.849      -345.849      
565           565           +0            -353.136      -353.136      -353.136      
566           566           +0            -365.412      -365.412      -365.412      
567           567           +0            -356.5        -356.5        -356.5        
568           568           +0            -352.904      -352.904      -352.904      
569           569           +0            -334.2        -334.2        -334.2        
570           570           +0            -342.647      -342.647      -342.647      
571           571           +0            -327.669      -327.669      -327.669      
572           572           +0            -353.364      -353.364      -353.364      
573           573           +0            -352.458      -352.458      -352.458      
574           574           +0            -346.389      -346.389      -346.389      
575           575           +0            -330.017      -330.017      -330.017      
576           576           +0            -350.587      -350.587      -350.587      
577           577           +0            -325.277      -325.277      -325.277      
578           578           +0            -361.343      -361.343      -361.343      
579           579           +0            -325.366      -325.366      -325.366      
580           580           +0            -319.228      -319.228      -319.228      
581           581           +0            -353.477      -353.477      -353.477      
582           582           +0            -337.296      -337.296      -337.296      
583           583           +0            -336.999      -336.999      -336.999      
584           584           +0            -333.043      -333.043      -333.043      
585           585           +0            -317.081      -317.081      -317.081      
586           586           +0            -333.448      -333.448      -333.448      
587           587           +0            -330.025      -330.025      -330.025      
588           588           +0            -346.046      -346.046      -346.046      
589           589           +0            -342.941      -342.941      -342.941      
590           590           +0            -345.565      -345.565      -345.565      
591           591           +0            -330.125      -330.125      -330.125      
592           592           +0            -348.702      -348.702      -348.702      
593           593           +0            -349.618      -349.618      -349.618      
594           594           +0            -353.076      -353.076      -353.076      
595           595           +0            -368.965      -368.965      -368.965      
596           596           +0            -345.592      -345.592      -345.592      
597           597           +0            -318.215      -318.215      -318.215      
598           598           +0            -330.418      -330.418      -330.418      
599           599           +0            -345.39       -345.39       -345.39       
600           600           +0            -346.433      -346.433      -346.433      
601           601           +0            -352.074      -352.074      -352.074      
602           602           +0            -351.252      -351.252      -351.252      
603           603           +0            -327.963      -327.963      -327.963      
604           604           +0            -336.743      -336.743      -336.743      
605           605           +0            -349.711      -349.711      -349.711      
606           606           +0            -345.343      -345.343      -345.343      
607           607           +0            -337.989      -337.989      -337.989      
608           608           +0            -342.354      -342.354      -342.354      
609           609           +0            -343.977      -343.977      -343.977      
610           610           +0            -331.416      -331.416      -331.416      
611           611           +0            -355.666      -355.666      -355.666      
612           612           +0            -359.483      -359.483      -359.483      
613           613           +0            -328.663      -328.663      -328.663      
614           614           +0            -350.282      -350.282      -350.282      
615           615           +0            -330.719      -330.719      -330.719      
616           616           +0            -337.2        -337.2        -337.2        
617           617           +0            -341.85       -341.85       -341.85       
618           618           +0            -342.931      -342.931      -342.931      
619           619           +0            -344.762      -344.762      -344.762      
620           620           +0            -340.401      -340.401      -340.401      
621           621           +0            -351.502      -351.502      -351.502      
622           622           +0            -332.567      -332.567      -332.567      
623           623           +0            -325.821      -325.821      -325.821      
624           624           +0            -349.416      -349.416      -349.416      
625           625           +0            -338.494      -338.494      -338.494      
626           626           +0            -353.649      -353.649      -353.649      
627           627           +0            -340.897      -340.897      -340.897      
628           628           +0            -358.264      -358.264      -358.264      
629           629           +0            -338.323      -338.323      -338.323      
630           630           +0            -342.655      -342.655      -342.655      
631           631           +0            -335.105      -335.105      -335.105      
632           632           +0            -335.97       -335.97       -335.97       
633           633           +0            -356.202      -356.202      -356.202      
634           634           +0            -362.825      -362.825      -362.825      
635           635           +0            -328.99       -328.99       -328.99       
636           636           +0            -342.755      -342.755      -342.755      
637           637           +0            -351.709      -351.709      -351.709      
638           638           +0            -348.778      -348.778      -348.778      
639           639           +0            -347.845      -347.845      -347.845      
640           640           +0            -320.418      -320.418      -320.418      
641           641           +0            -358.553      -358.553      -358.553      
642           642           +0            -345.671      -345.671      -345.671      
643           643           +0            -326.109      -326.109      -326.109      
644           644           +0            -344.613      -344.613      -344.613      
645           645           +0            -326.645      -326.645      -326.645      
646           646           +0            -348.975      -348.975      -348.975      
647           647           +0            -362.35       -362.35       -362.35       
648           648           +0            -348.106      -348.106      -348.106      
649           649           +0            -347.135      -347.135      -347.135      
650           650           +0            -355.498      -355.498      -355.498      
651           651           +0            -334.532      -334.532      -334.532      
652           652           +0            -349.553      -349.553      -349.553      
653           653           +0            -329.891      -329.891      -329.891      
654           654           +0            -338.086      -338.086      -338.086      
655           655           +0            -350.701      -350.701      -350.701      
656           656           +0            -354.177      -354.177      -354.177      
657           657           +0            -341.283      -341.283      -341.283      
658           658           +0            -328.364      -328.364      -328.364      
659           659           +0            -347.412      -347.412      -347.412      
660           660           +0            -348.496      -348.496      -348.496      
661           661           +0            -341.24       -341.24       -341.24       
662           662           +0            -329.955      -329.955      -329.955      
663           663           +0            -319.443      -319.443      -319.443      
664           664           +0            -363.698      -363.698      -363.698      
665           665           +0            -358.215      -358.215      -358.215      
666           666           +0            -330.491      -330.491      -330.491      
667           667           +0            -351.753      -351.753      -351.753      
668           668           +0            -355.637      -355.637      -355.637      
669           669           +0            -350.655      -350.655      -350.655      
670           670           +0            -353.264      -353.264      -353.264      
671           671           +0            -349.401      -349.401      -349.401      
672           672           +0            -354.661      -354.661      -354.661      
673           673           +0            -352.16       -352.16       -352.16       
674           674           +0            -359.767      -359.767      -359.767      
675           675           +0            -360.967      -360.967      -360.967      
676           676           +0            -356.933      -356.933      -356.933      
677           677           +0            -334.495      -334.495      -334.495      
678           678           +0            -341.652      -341.652      -341.652      
679           679           +0            -349.201      -349.201      -349.201      
680           680           +0            -349.304      -349.304      -349.304      
681           681           +0            -337.83       -337.83       -337.83       
682           682           +0            -337.011      -337.011      -337.011      
683           683           +0            -360.605      -360.605      -360.605      
684           684           +0            -315.745      -315.745      -315.745      
685           685           +0            -364.399      -364.399      -364.399      
686           686           +0            -336.374      -336.374      -336.374      
687           687           +0            -317.808      -317.808      -317.808      
688           688           +0            -349.813      -349.813      -349.813      
689           689           +0            -364.472      -364.472      -364.472      
690           690           +0            -350.634      -350.634      -350.634      
691           691           +0            -346.215      -346.215      -346.215      
692           692           +0            -348.39       -348.39       -348.39       
693           693           +0            -340.08       -340.08       -340.08       
694           694           +0            -351.511      -351.511      -351.511      
695           695           +0            -332.535      -332.535      -332.535      
696           696           +0            -328.837      -328.837      -328.837      
697           697           +0            -355.662      -355.662      -355.662      
698           698           +0            -334.678      -334.678      -334.678      
699           699           +0            -343.957      -343.957      -343.957      
700           700           +0            -349.026      -349.026      -349.026      
701           701           +0            -333.867      -333.867      -333.867      
702           702           +0            -346.795      -346.795      -346.795      
703           703           +0            -348.356      -348.356      -348.356      
704           704           +0            -344.448      -344.448      -344.448      
705           705           +0            -343.294      -343.294      -343.294      
706           706           +0            -363.463      -363.463      -363.463      
707           707           +0            -336.305      -336.305      -336.305      
708           708           +0            -330.283      -330.283      -330.283      
709           709           +0            -340.122      -340.122      -340.122      
710           710           +0            -348.262      -348.262      -348.262      
711           711           +0            -349.749      -349.749      -349.749      
712           712           +0            -336.099      -336.099      -336.099      
713           713           +0            -350.526      -350.526      -350.526      
714           714           +0            -338.404      -338.404      -338.404      
715           715           +0            -336.302      -336.302      -336.302      
716           716           +0            -351.621      -351.621      -351.621      
717           717           +0            -340.454      -340.454      -340.454      
718           718           +0            -334.809      -334.809      -334.809      
719           719           +0            -309.295      -309.295      -309.295      
720           720           +0            -334.434      -334.434      -334.434      
721           721           +0            -346.329      -346.329      -346.329      
722           722           +0            -328.047      -328.047      -328.047      
723           723           +0            -336.714      -336.714      -336.714      
724           724           +0            -322.928      -322.928      -322.928      
725           725           +0            -342.365      -342.365      -342.365      
726           726           +0            -349.547      -349.547      -349.547      
727           727           +0            -345.331      -345.331      -345.331      
